trucks = [Truck(1, 10, (28.093512, -15.425922)), Truck(2, 10, (28.128852, -15.504827)),
          Truck(3, 10, (27.770183, -15.597304)), Truck(4, 10, (27.843992, -15.438345)),
          Truck(5, 10, (27.926863, -15.424706)), Truck(6,10, (27.993744, -15.388339)),
          Truck(7, 10, (28.153197, -15.413843))]


requests = [Request(1, (27.755366, -15.604631), 0.2), Request(2, (27.749766, -15.574826), 0.5),
            Request(3, (27.838164, -15.442441), 0.3), Request(4, (28.085078, -15.434928), 0.15),
            Request(5, (28.102367, -15.437888), 0.1), Request(6, (28.100206, -15.454219), 1),
            Request(7, (28.118482, -15.445237), 0.5), Request(8, (28.100746, -15.474429), 1.5),
            Request(9, (28.130995, -15.515053), 0.05), Request(10, (28.065085, -15.545675), 2.5),
            Request(11, (28.138761, -15.435350), 2.0), Request(12, (28.118830, -15.526022), 0.32),
            Request(13, (28.059831, -15.547753), 1.11), Request(14, (28.008196, -15.533061), 0.33),
            Request(15, (27.851273, -15.466471), 0.11), Request(16, (27.789653, -15.717291), 0.03),
            Request(17, (27.818894, -15.765593), 1.78), Request(18, (27.983236, -15.780623), 0.98),
            Request(19, (28.101658, -15.701096), 0.65), Request(20, (28.147253, -15.649500), 0.22)]